class Board(object):
    def __init__(self):
        self.board=[
           [-1,-1,-1,-1,-1,-1,-1,-1,-1,-1,-1,-1,-1,-1,-1,-1,-1,-1,-1],
           [-1, 1, 1, 1, 1, 1, 1, 1, 1, 1, 1, 1, 1, 1, 1, 1, 1, 1,-1],
           [-1, 1, 1, 1, 1, 1, 1, 1, 1, 1, 1, 1, 1, 1, 1, 1, 1, 1,-1],
           [-1, 1, 1, 1, 1, 1, 1, 1, 1, 1, 1, 1, 1, 1, 1, 1, 1, 1,-1],
           [-1, 1, 1, 1, 1, 1, 1, 1, 1, 1, 1, 1, 1, 1, 1, 1, 1, 1,-1],
           [-1, 1, 1, 1, 1, 1, 1, 1, 1, 1, 1, 1, 1, 1, 1, 1, 1, 1,-1],
           [-1, 1, 1, 1, 1, 1, 1, 1, 1, 1, 1, 1, 1, 1, 1, 1, 1, 1,-1],
           [-1, 1, 1, 1, 1, 1, 1, 1, 1, 1, 1, 1, 1, 1, 1, 1, 1, 1,-1],
           [-1, 1, 1, 1, 1, 1, 1,-1,-1, 0,-1,-1, 1, 1, 1, 1, 1, 1,-1],
           [-1, 1, 1, 1, 1, 1, 1,-1, 0, 0, 0,-1, 1, 1, 1, 1, 1, 1,-1],
           [-1, 1, 1, 1, 1, 1, 1,-1,-1,-1,-1,-1, 1, 1, 1, 1, 1, 1,-1],
           [-1, 1, 1, 1, 1, 1, 1, 1, 1, 1, 1, 1, 1, 1, 1, 1, 1, 1,-1],
           [-1, 1, 1, 1, 1, 1, 1, 1, 1, 1, 1, 1, 1, 1, 1, 1, 1, 1,-1],
           [-1, 1, 1, 1, 1, 1, 1, 1, 1, 1, 1, 1, 1, 1, 1, 1, 1, 1,-1],
           [-1, 1, 1, 1, 1, 1, 1, 1, 1, 1, 1, 1, 1, 1, 1, 1, 1, 1,-1],
           [-1, 1, 1, 1, 1, 1, 1, 1, 1, 1, 1, 1, 1, 1, 1, 1, 1, 1,-1],
           [-1, 1, 1, 1, 1, 1, 1, 1, 1, 1, 1, 1, 1, 1, 1, 1, 1, 1,-1],
           [-1, 1, 1, 1, 1, 1, 1, 1, 1, 1, 1, 1, 1, 1, 1, 1, 1, 1,-1],
           [-1, 1, 1, 1, 1, 1, 1, 1, 1, 1, 1, 1, 1, 1, 1, 1, 1, 1,-1],
           [-1, 1, 1, 1, 1, 1, 1, 1, 1, 1, 1, 1, 1, 1, 1, 1, 1, 1,-1],
           [-1,-1,-1,-1,-1,-1,-1,-1,-1,-1,-1,-1,-1,-1,-1,-1,-1,-1,-1]]

    def getBoard(self):
        return self.board

class BlueBoard(Board):
    def __init__(self):
        super().__init__()
        self.board=[
           [-1,-1,-1,-1,-1,-1,-1,-1,-1,-1,-1,-1,-1,-1,-1,-1,-1,-1,-1],
           [-1, 1, 1, 1, 1, 1, 1, 1, 1,-1, 1, 1, 1, 1, 1, 1, 1, 1,-1],
           [-1, 2,-1,-1, 1,-1,-1,-1, 1,-1, 1,-1,-1,-1, 1,-1,-1, 2,-1],
           [-1, 1, 1, 1, 1, 1, 1, 1, 1, 1, 1, 1, 1, 1, 1, 1, 1, 1,-1],
           [-1, 1,-1,-1, 1,-1, 1,-1,-1,-1,-1,-1, 1,-1, 1,-1,-1, 1,-1],
           [-1, 1, 1, 1, 1,-1, 1, 1, 1,-1, 1, 1, 1,-1, 1, 1, 1, 1,-1],
           [-1,-1,-1,-1, 1,-1,-1,-1, 1,-1, 1,-1,-1,-1, 1,-1,-1,-1,-1],
           [-1,-1,-1,-1, 1,-1, 1, 1, 1, 1, 1, 1, 1,-1, 1,-1,-1,-1,-1],
           [-1,-1,-1,-1, 1,-1, 1,-1,-1, 0,-1,-1, 1,-1, 1,-1,-1,-1,-1],
           [ 1, 1, 1, 1, 1, 1, 1,-1, 0, 0, 0,-1, 1, 1, 1, 1, 1, 1, 1],
           [-1,-1,-1,-1, 1,-1, 1,-1,-1,-1,-1,-1, 1,-1, 1,-1,-1,-1,-1],
           [-1,-1,-1,-1, 1,-1, 1, 1, 1, 1, 1, 1, 1,-1, 1,-1,-1,-1,-1],
           [-1,-1,-1,-1, 1,-1, 1,-1,-1,-1,-1,-1, 1,-1, 1,-1,-1,-1,-1],
           [-1, 1, 1, 1, 1, 1, 1, 1, 1,-1, 1, 1, 1, 1, 1, 1, 1, 1,-1],
           [-1, 1,-1,-1, 1,-1,-1,-1, 1,-1, 1,-1,-1,-1, 1,-1,-1, 1,-1],
           [-1, 2, 1,-1, 1, 1, 1, 1, 1, 0, 1, 1, 1, 1, 1,-1, 1, 2,-1],
           [-1,-1, 1,-1, 1,-1, 1,-1,-1,-1,-1,-1, 1,-1, 1,-1, 1,-1,-1],
           [-1, 1, 1, 1, 1,-1, 1, 1, 1,-1, 1, 1, 1,-1, 1, 1, 1, 1,-1],
           [-1, 1,-1,-1,-1,-1,-1,-1, 1,-1, 1,-1,-1,-1,-1,-1,-1, 1,-1],
           [-1, 1, 1, 1, 1, 1, 1, 1, 1, 1, 1, 1, 1, 1, 1, 1, 1, 1,-1],
           [-1,-1,-1,-1,-1,-1,-1,-1,-1,-1,-1,-1,-1,-1,-1,-1,-1,-1,-1]]

class PurpleBoard(Board):
    def __init__(self):
        super().__init__()
        self.board=[
           [-1,-1,-1,-1,-1,-1,-1,-1,-1,-1,-1,-1,-1,-1,-1,-1,-1,-1,-1],
           [-1, 1, 1, 1, 1, 1, 1, 1, 1, 1, 1, 1, 1, 1, 1, 1, 1, 1,-1],
           [-1, 2,-1,-1, 1,-1,-1,-1, 1,-1, 1,-1,-1,-1, 1,-1,-1, 2,-1],
           [-1, 1, 1, 1, 1, 1, 1,-1, 1,-1, 1,-1, 1, 1, 1, 1, 1, 1,-1],
           [-1,-1, 1,-1,-1,-1, 1,-1, 1,-1, 1,-1, 1,-1,-1,-1, 1,-1,-1],
           [ 1, 1, 1, 1, 1,-1, 1, 1, 1, 1, 1, 1, 1,-1, 1, 1, 1, 1, 1],
           [-1,-1, 1,-1, 1,-1, 1,-1,-1,-1,-1,-1, 1,-1, 1,-1, 1,-1,-1],
           [-1, 1, 1,-1, 1, 1, 1, 1, 1, 1, 1, 1, 1, 1, 1,-1, 1, 1,-1],
           [-1, 1,-1,-1,-1,-1, 1,-1,-1, 0,-1,-1, 1,-1,-1,-1,-1, 1,-1],
           [-1, 1, 1, 1, 1, 1, 1,-1, 0, 0, 0,-1, 1, 1, 1, 1, 1, 1,-1],
           [-1, 1,-1, 1,-1,-1, 1,-1,-1,-1,-1,-1, 1,-1,-1, 1,-1, 1,-1],
           [-1, 1,-1, 1, 1,-1, 1, 1, 1, 1, 1, 1, 1,-1, 1, 1,-1, 1,-1],
           [-1, 1,-1,-1, 1,-1, 1,-1, 1,-1, 1,-1, 1,-1, 1,-1,-1, 1,-1],
           [-1, 1,-1, 1, 1, 1, 1,-1, 1,-1, 1,-1, 1, 1, 1, 1,-1, 1,-1],
           [-1, 1,-1, 1,-1,-1,-1,-1, 1,-1, 1,-1,-1,-1,-1, 1,-1, 1,-1],
           [-1, 2, 1, 1, 1, 1, 1, 1, 1, 0, 1, 1, 1, 1, 1, 1, 1, 2,-1],
           [-1, 1,-1, 1,-1,-1, 1,-1,-1,-1,-1,-1, 1,-1,-1, 1,-1, 1,-1],
           [-1, 1,-1, 1, 1,-1, 1, 1, 1,-1, 1, 1, 1,-1, 1, 1,-1, 1,-1],
           [-1, 1,-1,-1, 1,-1, 1,-1, 1,-1, 1,-1, 1,-1, 1,-1,-1, 1,-1],
           [-1, 1, 1, 1, 1, 1, 1,-1, 1, 1, 1,-1, 1, 1, 1, 1, 1, 1,-1],
           [-1,-1,-1,-1,-1,-1,-1,-1,-1,-1,-1,-1,-1,-1,-1,-1,-1,-1,-1]]

class CyanBoard(Board):
    def __init__(self):
        super().__init__()
        self.board=[
           [-1,-1,-1,-1,-1,-1,-1,-1,-1,-1,-1,-1,-1,-1,-1,-1,-1,-1,-1],
           [-1, 1, 1, 1, 1, 1, 1, 1, 1,-1, 1, 1, 1, 1, 1, 1, 1, 1,-1],
           [-1, 2,-1,-1, 1,-1,-1,-1, 1,-1, 1,-1,-1,-1, 1,-1,-1, 2,-1],
           [-1, 1,-1,-1, 1, 1, 1,-1, 1,-1, 1,-1, 1, 1, 1,-1,-1, 1,-1],
           [-1, 1, 1, 1, 1,-1, 1,-1, 1, 1, 1,-1, 1,-1, 1, 1, 1, 1,-1],
           [-1,-1, 1,-1,-1,-1, 1, 1, 1,-1, 1, 1, 1,-1,-1,-1, 1,-1,-1],
           [-1,-1, 1, 1, 1,-1, 1,-1,-1,-1,-1,-1, 1,-1, 1, 1, 1,-1,-1],
           [-1,-1, 1,-1, 1,-1, 1, 1, 1, 1, 1, 1, 1,-1, 1,-1, 1,-1,-1],
           [-1,-1, 1,-1, 1,-1, 1,-1,-1, 0,-1,-1, 1,-1, 1,-1, 1,-1,-1],
           [ 1, 1, 1,-1, 1, 1, 1,-1, 0, 0, 0,-1, 1, 1, 1,-1, 1, 1, 1],
           [-1,-1,-1,-1,-1,-1, 1,-1,-1,-1,-1,-1, 1,-1,-1,-1,-1,-1,-1],
           [ 1, 1, 1,-1, 1, 1, 1, 1, 1, 1, 1, 1, 1, 1, 1,-1, 1, 1, 1],
           [-1,-1, 1,-1, 1,-1, 1,-1,-1,-1,-1,-1, 1,-1, 1,-1, 1,-1,-1],
           [-1,-1, 1, 1, 1,-1, 1, 1, 1,-1, 1, 1, 1,-1, 1, 1, 1,-1,-1],
           [-1,-1, 1,-1,-1,-1, 1,-1, 1,-1, 1,-1, 1,-1,-1,-1, 1,-1,-1],
           [-1,-1, 1, 1, 1, 1, 1,-1, 1, 0, 1,-1, 1, 1, 1, 1, 1,-1,-1],
           [-1,-1, 1,-1, 1,-1,-1,-1, 1,-1, 1,-1,-1,-1, 1,-1, 1,-1,-1],
           [-1, 1, 2,-1, 1, 1, 1, 1, 1,-1, 1, 1, 1, 1, 1,-1, 2, 1,-1],
           [-1, 1,-1,-1, 1,-1, 1,-1,-1,-1,-1,-1, 1,-1, 1,-1,-1, 1,-1],
           [-1, 1, 1, 1, 1,-1, 1, 1, 1, 1, 1, 1, 1,-1, 1, 1, 1, 1,-1],
           [-1,-1,-1,-1,-1,-1,-1,-1,-1,-1,-1,-1,-1,-1,-1,-1,-1,-1,-1]]

class MagentaBoard(Board):
    def __init__(self):
        super().__init__()
        self.board=[
           [-1,-1,-1,-1,-1,-1,-1,-1,-1,-1,-1,-1,-1,-1,-1,-1,-1,-1,-1],
           [-1, 1, 1, 1, 1, 1, 1, 1, 1,-1, 1, 1, 1, 1, 1, 1, 1, 1,-1],
           [-1, 2,-1,-1, 1,-1,-1,-1, 1,-1, 1,-1,-1,-1, 1,-1,-1, 2,-1],
           [-1, 1, 1, 1, 1, 1, 1,-1, 1, 1, 1,-1, 1, 1, 1, 1, 1, 1,-1],
           [-1,-1,-1, 1,-1,-1, 1,-1, 1,-1, 1,-1, 1,-1,-1, 1,-1,-1,-1],
           [-1, 1, 1, 1, 1,-1, 1, 1, 1,-1, 1, 1, 1,-1, 1, 1, 1, 1,-1],
           [-1, 1,-1,-1, 1,-1, 1,-1,-1,-1,-1,-1, 1,-1, 1,-1,-1, 1,-1],
           [-1, 1, 1,-1, 1, 1, 1, 1, 1, 1, 1, 1, 1, 1, 1,-1, 1, 1,-1],
           [-1,-1, 1,-1, 1,-1, 1,-1,-1, 0,-1,-1, 1,-1, 1,-1, 1,-1,-1],
           [ 1, 1, 1, 1, 1,-1, 1,-1, 0, 0, 0,-1, 1,-1, 1, 1, 1, 1, 1],
           [-1,-1, 1,-1,-1,-1, 1,-1,-1,-1,-1,-1, 1,-1,-1,-1, 1,-1,-1],
           [-1, 1, 1, 1, 1, 1, 1, 1, 1, 1, 1, 1, 1, 1, 1, 1, 1, 1,-1],
           [-1, 1,-1,-1, 1,-1, 1,-1,-1,-1,-1,-1, 1,-1, 1,-1,-1, 1,-1],
           [-1, 1,-1, 1, 1,-1, 1, 1, 1,-1, 1, 1, 1,-1, 1, 1,-1, 1,-1],
           [-1, 1,-1, 1,-1,-1,-1,-1, 1,-1, 1,-1,-1,-1,-1, 1,-1, 1,-1],
           [-1, 2, 1, 1, 1, 1, 1, 1, 1, 0, 1, 1, 1, 1, 1, 1, 1, 2,-1],
           [-1,-1,-1,-1,-1, 1,-1, 1,-1,-1,-1, 1,-1, 1,-1,-1,-1,-1,-1],
           [-1, 1, 1, 1, 1, 1,-1, 1, 1,-1, 1, 1,-1, 1, 1, 1, 1, 1,-1],
           [-1, 1,-1,-1,-1,-1,-1,-1, 1,-1, 1,-1,-1,-1,-1,-1,-1, 1,-1],
           [-1, 1, 1, 1, 1, 1, 1, 1, 1,-1, 1, 1, 1, 1, 1, 1, 1, 1,-1],
           [-1,-1,-1,-1,-1,-1,-1,-1,-1,-1,-1,-1,-1,-1,-1,-1,-1,-1,-1]]
